:chr 1
:ExpectedMaleRecPerMeiosisArm1 = 2
:ExpectedMaleRecPerMeiosisArm2 = 0
:ExpectedFemaleRecPerMeiosisArm1 = 2
:ExpectedFemaleRecPerMeiosisArm2 = 0
	male	male_accumulative	female	female_accumulative	Male_recombination_fraction	Female_recombination_fraction	Avg_recombination_fraction	Kosambi_male_interval	Kosambi_male_pos	Kosambi_female_interval	Kosambi_female_pos	Kosambi_both_interval	Kosambi_both_pos
5000000	0.05	0.05	0.05	0.05	0.1	0.1	0.1	0.1	0.05	0.1	0.05	0.1	0.05
10000000	0.05	0.1	0.05	0.1	0.1	0.1	0.1	0.1	0.1	0.1	0.1	0.1	0.1
15000000	0.05	0.15	0.05	0.15	0.1	0.1	0.1	0.1	0.15	0.1	0.15	0.1	0.15
20000000	0.05	0.2	0.05	0.2	0.1	0.1	0.1	0.1	0.2	0.1	0.2	0.1	0.2
25000000	0.05	0.25	0.05	0.25	0.1	0.1	0.1	0.1	0.25	0.1	0.25	0.1	0.25
30000000	0.05	0.3	0.05	0.3	0.1	0.1	0.1	0.1	0.3	0.1	0.3	0.1	0.3
35000000	0.05	0.35	0.05	0.35	0.1	0.1	0.1	0.1	0.35	0.1	0.35	0.1	0.35
40000000	0.05	0.4	0.05	0.4	0.1	0.1	0.1	0.1	0.4	0.1	0.4	0.1	0.4
45000000	0.05	0.45	0.05	0.45	0.1	0.1	0.1	0.1	0.45	0.1	0.45	0.1	0.45
50000000	0.05	0.5	0.05	0.5	0.1	0.1	0.1	0.1	0.5	0.1	0.5	0.1	0.5
55000000	0.05	0.55	0.05	0.55	0.1	0.1	0.1	0.1	0.55	0.1	0.55	0.1	0.55
60000000	0.05	0.6	0.05	0.6	0.1	0.1	0.1	0.1	0.6	0.1	0.6	0.1	0.6
65000000	0.05	0.65	0.05	0.65	0.1	0.1	0.1	0.1	0.65	0.1	0.65	0.1	0.65
70000000	0.05	0.7	0.05	0.7	0.1	0.1	0.1	0.1	0.7	0.1	0.7	0.1	0.7
75000000	0.05	0.75	0.05	0.75	0.1	0.1	0.1	0.1	0.75	0.1	0.75	0.1	0.75
80000000	0.05	0.8	0.05	0.8	0.1	0.1	0.1	0.1	0.8	0.1	0.8	0.1	0.8
85000000	0.05	0.85	0.05	0.85	0.1	0.1	0.1	0.1	0.85	0.1	0.85	0.1	0.85
90000000	0.05	0.9	0.05	0.9	0.1	0.1	0.1	0.1	0.9	0.1	0.9	0.1	0.9
95000000	0.05	0.95	0.05	0.95	0.1	0.1	0.1	0.1	0.95	0.1	0.95	0.1	0.95
100000000	0.05	1	0.05	1	0.1	0.1	0.1	0.1	1	0.1	1	0.1	1
:chr 2
:ExpectedMaleRecPerMeiosisArm1 = 2
:ExpectedMaleRecPerMeiosisArm2 = 0
:ExpectedFemaleRecPerMeiosisArm1 = 2
:ExpectedFemaleRecPerMeiosisArm2 = 0
	male	male_accumulative	female	female_accumulative	Male_recombination_fraction	Female_recombination_fraction	Avg_recombination_fraction	Kosambi_male_interval	Kosambi_male_pos	Kosambi_female_interval	Kosambi_female_pos	Kosambi_both_interval	Kosambi_both_pos
5000000	0.05	0.05	0.05	0.05	0.1	0.1	0.1	0.1	0.05	0.1	0.05	0.1	0.05
10000000	0.05	0.1	0.05	0.1	0.1	0.1	0.1	0.1	0.1	0.1	0.1	0.1	0.1
15000000	0.05	0.15	0.05	0.15	0.1	0.1	0.1	0.1	0.15	0.1	0.15	0.1	0.15
20000000	0.05	0.2	0.05	0.2	0.1	0.1	0.1	0.1	0.2	0.1	0.2	0.1	0.2
25000000	0.05	0.25	0.05	0.25	0.1	0.1	0.1	0.1	0.25	0.1	0.25	0.1	0.25
30000000	0.05	0.3	0.05	0.3	0.1	0.1	0.1	0.1	0.3	0.1	0.3	0.1	0.3
35000000	0.05	0.35	0.05	0.35	0.1	0.1	0.1	0.1	0.35	0.1	0.35	0.1	0.35
40000000	0.05	0.4	0.05	0.4	0.1	0.1	0.1	0.1	0.4	0.1	0.4	0.1	0.4
45000000	0.05	0.45	0.05	0.45	0.1	0.1	0.1	0.1	0.45	0.1	0.45	0.1	0.45
50000000	0.05	0.5	0.05	0.5	0.1	0.1	0.1	0.1	0.5	0.1	0.5	0.1	0.5
55000000	0.05	0.55	0.05	0.55	0.1	0.1	0.1	0.1	0.55	0.1	0.55	0.1	0.55
60000000	0.05	0.6	0.05	0.6	0.1	0.1	0.1	0.1	0.6	0.1	0.6	0.1	0.6
65000000	0.05	0.65	0.05	0.65	0.1	0.1	0.1	0.1	0.65	0.1	0.65	0.1	0.65
70000000	0.05	0.7	0.05	0.7	0.1	0.1	0.1	0.1	0.7	0.1	0.7	0.1	0.7
75000000	0.05	0.75	0.05	0.75	0.1	0.1	0.1	0.1	0.75	0.1	0.75	0.1	0.75
80000000	0.05	0.8	0.05	0.8	0.1	0.1	0.1	0.1	0.8	0.1	0.8	0.1	0.8
85000000	0.05	0.85	0.05	0.85	0.1	0.1	0.1	0.1	0.85	0.1	0.85	0.1	0.85
90000000	0.05	0.9	0.05	0.9	0.1	0.1	0.1	0.1	0.9	0.1	0.9	0.1	0.9
95000000	0.05	0.95	0.05	0.95	0.1	0.1	0.1	0.1	0.95	0.1	0.95	0.1	0.95
100000000	0.05	1	0.05	1	0.1	0.1	0.1	0.1	1	0.1	1	0.1	1
:chr 3
:ExpectedMaleRecPerMeiosisArm1 = 2
:ExpectedMaleRecPerMeiosisArm2 = 0
:ExpectedFemaleRecPerMeiosisArm1 = 2
:ExpectedFemaleRecPerMeiosisArm2 = 0
	male	male_accumulative	female	female_accumulative	Male_recombination_fraction	Female_recombination_fraction	Avg_recombination_fraction	Kosambi_male_interval	Kosambi_male_pos	Kosambi_female_interval	Kosambi_female_pos	Kosambi_both_interval	Kosambi_both_pos
5000000	0.05	0.05	0.05	0.05	0.1	0.1	0.1	0.1	0.05	0.1	0.05	0.1	0.05
10000000	0.05	0.1	0.05	0.1	0.1	0.1	0.1	0.1	0.1	0.1	0.1	0.1	0.1
15000000	0.05	0.15	0.05	0.15	0.1	0.1	0.1	0.1	0.15	0.1	0.15	0.1	0.15
20000000	0.05	0.2	0.05	0.2	0.1	0.1	0.1	0.1	0.2	0.1	0.2	0.1	0.2
25000000	0.05	0.25	0.05	0.25	0.1	0.1	0.1	0.1	0.25	0.1	0.25	0.1	0.25
30000000	0.05	0.3	0.05	0.3	0.1	0.1	0.1	0.1	0.3	0.1	0.3	0.1	0.3
35000000	0.05	0.35	0.05	0.35	0.1	0.1	0.1	0.1	0.35	0.1	0.35	0.1	0.35
40000000	0.05	0.4	0.05	0.4	0.1	0.1	0.1	0.1	0.4	0.1	0.4	0.1	0.4
45000000	0.05	0.45	0.05	0.45	0.1	0.1	0.1	0.1	0.45	0.1	0.45	0.1	0.45
50000000	0.05	0.5	0.05	0.5	0.1	0.1	0.1	0.1	0.5	0.1	0.5	0.1	0.5
55000000	0.05	0.55	0.05	0.55	0.1	0.1	0.1	0.1	0.55	0.1	0.55	0.1	0.55
60000000	0.05	0.6	0.05	0.6	0.1	0.1	0.1	0.1	0.6	0.1	0.6	0.1	0.6
65000000	0.05	0.65	0.05	0.65	0.1	0.1	0.1	0.1	0.65	0.1	0.65	0.1	0.65
70000000	0.05	0.7	0.05	0.7	0.1	0.1	0.1	0.1	0.7	0.1	0.7	0.1	0.7
75000000	0.05	0.75	0.05	0.75	0.1	0.1	0.1	0.1	0.75	0.1	0.75	0.1	0.75
80000000	0.05	0.8	0.05	0.8	0.1	0.1	0.1	0.1	0.8	0.1	0.8	0.1	0.8
85000000	0.05	0.85	0.05	0.85	0.1	0.1	0.1	0.1	0.85	0.1	0.85	0.1	0.85
90000000	0.05	0.9	0.05	0.9	0.1	0.1	0.1	0.1	0.9	0.1	0.9	0.1	0.9
95000000	0.05	0.95	0.05	0.95	0.1	0.1	0.1	0.1	0.95	0.1	0.95	0.1	0.95
100000000	0.05	1	0.05	1	0.1	0.1	0.1	0.1	1	0.1	1	0.1	1
:chr 4
:ExpectedMaleRecPerMeiosisArm1 = 2
:ExpectedMaleRecPerMeiosisArm2 = 0
:ExpectedFemaleRecPerMeiosisArm1 = 2
:ExpectedFemaleRecPerMeiosisArm2 = 0
	male	male_accumulative	female	female_accumulative	Male_recombination_fraction	Female_recombination_fraction	Avg_recombination_fraction	Kosambi_male_interval	Kosambi_male_pos	Kosambi_female_interval	Kosambi_female_pos	Kosambi_both_interval	Kosambi_both_pos
5000000	0.05	0.05	0.05	0.05	0.1	0.1	0.1	0.1	0.05	0.1	0.05	0.1	0.05
10000000	0.05	0.1	0.05	0.1	0.1	0.1	0.1	0.1	0.1	0.1	0.1	0.1	0.1
15000000	0.05	0.15	0.05	0.15	0.1	0.1	0.1	0.1	0.15	0.1	0.15	0.1	0.15
20000000	0.05	0.2	0.05	0.2	0.1	0.1	0.1	0.1	0.2	0.1	0.2	0.1	0.2
25000000	0.05	0.25	0.05	0.25	0.1	0.1	0.1	0.1	0.25	0.1	0.25	0.1	0.25
30000000	0.05	0.3	0.05	0.3	0.1	0.1	0.1	0.1	0.3	0.1	0.3	0.1	0.3
35000000	0.05	0.35	0.05	0.35	0.1	0.1	0.1	0.1	0.35	0.1	0.35	0.1	0.35
40000000	0.05	0.4	0.05	0.4	0.1	0.1	0.1	0.1	0.4	0.1	0.4	0.1	0.4
45000000	0.05	0.45	0.05	0.45	0.1	0.1	0.1	0.1	0.45	0.1	0.45	0.1	0.45
50000000	0.05	0.5	0.05	0.5	0.1	0.1	0.1	0.1	0.5	0.1	0.5	0.1	0.5
55000000	0.05	0.55	0.05	0.55	0.1	0.1	0.1	0.1	0.55	0.1	0.55	0.1	0.55
60000000	0.05	0.6	0.05	0.6	0.1	0.1	0.1	0.1	0.6	0.1	0.6	0.1	0.6
65000000	0.05	0.65	0.05	0.65	0.1	0.1	0.1	0.1	0.65	0.1	0.65	0.1	0.65
70000000	0.05	0.7	0.05	0.7	0.1	0.1	0.1	0.1	0.7	0.1	0.7	0.1	0.7
75000000	0.05	0.75	0.05	0.75	0.1	0.1	0.1	0.1	0.75	0.1	0.75	0.1	0.75
80000000	0.05	0.8	0.05	0.8	0.1	0.1	0.1	0.1	0.8	0.1	0.8	0.1	0.8
85000000	0.05	0.85	0.05	0.85	0.1	0.1	0.1	0.1	0.85	0.1	0.85	0.1	0.85
90000000	0.05	0.9	0.05	0.9	0.1	0.1	0.1	0.1	0.9	0.1	0.9	0.1	0.9
95000000	0.05	0.95	0.05	0.95	0.1	0.1	0.1	0.1	0.95	0.1	0.95	0.1	0.95
100000000	0.05	1	0.05	1	0.1	0.1	0.1	0.1	1	0.1	1	0.1	1
:chr 5
:ExpectedMaleRecPerMeiosisArm1 = 2
:ExpectedMaleRecPerMeiosisArm2 = 0
:ExpectedFemaleRecPerMeiosisArm1 = 2
:ExpectedFemaleRecPerMeiosisArm2 = 0
	male	male_accumulative	female	female_accumulative	Male_recombination_fraction	Female_recombination_fraction	Avg_recombination_fraction	Kosambi_male_interval	Kosambi_male_pos	Kosambi_female_interval	Kosambi_female_pos	Kosambi_both_interval	Kosambi_both_pos
5000000	0.05	0.05	0.05	0.05	0.1	0.1	0.1	0.1	0.05	0.1	0.05	0.1	0.05
10000000	0.05	0.1	0.05	0.1	0.1	0.1	0.1	0.1	0.1	0.1	0.1	0.1	0.1
15000000	0.05	0.15	0.05	0.15	0.1	0.1	0.1	0.1	0.15	0.1	0.15	0.1	0.15
20000000	0.05	0.2	0.05	0.2	0.1	0.1	0.1	0.1	0.2	0.1	0.2	0.1	0.2
25000000	0.05	0.25	0.05	0.25	0.1	0.1	0.1	0.1	0.25	0.1	0.25	0.1	0.25
30000000	0.05	0.3	0.05	0.3	0.1	0.1	0.1	0.1	0.3	0.1	0.3	0.1	0.3
35000000	0.05	0.35	0.05	0.35	0.1	0.1	0.1	0.1	0.35	0.1	0.35	0.1	0.35
40000000	0.05	0.4	0.05	0.4	0.1	0.1	0.1	0.1	0.4	0.1	0.4	0.1	0.4
45000000	0.05	0.45	0.05	0.45	0.1	0.1	0.1	0.1	0.45	0.1	0.45	0.1	0.45
50000000	0.05	0.5	0.05	0.5	0.1	0.1	0.1	0.1	0.5	0.1	0.5	0.1	0.5
55000000	0.05	0.55	0.05	0.55	0.1	0.1	0.1	0.1	0.55	0.1	0.55	0.1	0.55
60000000	0.05	0.6	0.05	0.6	0.1	0.1	0.1	0.1	0.6	0.1	0.6	0.1	0.6
65000000	0.05	0.65	0.05	0.65	0.1	0.1	0.1	0.1	0.65	0.1	0.65	0.1	0.65
70000000	0.05	0.7	0.05	0.7	0.1	0.1	0.1	0.1	0.7	0.1	0.7	0.1	0.7
75000000	0.05	0.75	0.05	0.75	0.1	0.1	0.1	0.1	0.75	0.1	0.75	0.1	0.75
80000000	0.05	0.8	0.05	0.8	0.1	0.1	0.1	0.1	0.8	0.1	0.8	0.1	0.8
85000000	0.05	0.85	0.05	0.85	0.1	0.1	0.1	0.1	0.85	0.1	0.85	0.1	0.85
90000000	0.05	0.9	0.05	0.9	0.1	0.1	0.1	0.1	0.9	0.1	0.9	0.1	0.9
95000000	0.05	0.95	0.05	0.95	0.1	0.1	0.1	0.1	0.95	0.1	0.95	0.1	0.95
100000000	0.05	1	0.05	1	0.1	0.1	0.1	0.1	1	0.1	1	0.1	1
:chr 6
:ExpectedMaleRecPerMeiosisArm1 = 2
:ExpectedMaleRecPerMeiosisArm2 = 0
:ExpectedFemaleRecPerMeiosisArm1 = 2
:ExpectedFemaleRecPerMeiosisArm2 = 0
	male	male_accumulative	female	female_accumulative	Male_recombination_fraction	Female_recombination_fraction	Avg_recombination_fraction	Kosambi_male_interval	Kosambi_male_pos	Kosambi_female_interval	Kosambi_female_pos	Kosambi_both_interval	Kosambi_both_pos
5000000	0.05	0.05	0.05	0.05	0.1	0.1	0.1	0.1	0.05	0.1	0.05	0.1	0.05
10000000	0.05	0.1	0.05	0.1	0.1	0.1	0.1	0.1	0.1	0.1	0.1	0.1	0.1
15000000	0.05	0.15	0.05	0.15	0.1	0.1	0.1	0.1	0.15	0.1	0.15	0.1	0.15
20000000	0.05	0.2	0.05	0.2	0.1	0.1	0.1	0.1	0.2	0.1	0.2	0.1	0.2
25000000	0.05	0.25	0.05	0.25	0.1	0.1	0.1	0.1	0.25	0.1	0.25	0.1	0.25
30000000	0.05	0.3	0.05	0.3	0.1	0.1	0.1	0.1	0.3	0.1	0.3	0.1	0.3
35000000	0.05	0.35	0.05	0.35	0.1	0.1	0.1	0.1	0.35	0.1	0.35	0.1	0.35
40000000	0.05	0.4	0.05	0.4	0.1	0.1	0.1	0.1	0.4	0.1	0.4	0.1	0.4
45000000	0.05	0.45	0.05	0.45	0.1	0.1	0.1	0.1	0.45	0.1	0.45	0.1	0.45
50000000	0.05	0.5	0.05	0.5	0.1	0.1	0.1	0.1	0.5	0.1	0.5	0.1	0.5
55000000	0.05	0.55	0.05	0.55	0.1	0.1	0.1	0.1	0.55	0.1	0.55	0.1	0.55
60000000	0.05	0.6	0.05	0.6	0.1	0.1	0.1	0.1	0.6	0.1	0.6	0.1	0.6
65000000	0.05	0.65	0.05	0.65	0.1	0.1	0.1	0.1	0.65	0.1	0.65	0.1	0.65
70000000	0.05	0.7	0.05	0.7	0.1	0.1	0.1	0.1	0.7	0.1	0.7	0.1	0.7
75000000	0.05	0.75	0.05	0.75	0.1	0.1	0.1	0.1	0.75	0.1	0.75	0.1	0.75
80000000	0.05	0.8	0.05	0.8	0.1	0.1	0.1	0.1	0.8	0.1	0.8	0.1	0.8
85000000	0.05	0.85	0.05	0.85	0.1	0.1	0.1	0.1	0.85	0.1	0.85	0.1	0.85
90000000	0.05	0.9	0.05	0.9	0.1	0.1	0.1	0.1	0.9	0.1	0.9	0.1	0.9
95000000	0.05	0.95	0.05	0.95	0.1	0.1	0.1	0.1	0.95	0.1	0.95	0.1	0.95
100000000	0.05	1	0.05	1	0.1	0.1	0.1	0.1	1	0.1	1	0.1	1
:chr 7
:ExpectedMaleRecPerMeiosisArm1 = 2
:ExpectedMaleRecPerMeiosisArm2 = 0
:ExpectedFemaleRecPerMeiosisArm1 = 2
:ExpectedFemaleRecPerMeiosisArm2 = 0
	male	male_accumulative	female	female_accumulative	Male_recombination_fraction	Female_recombination_fraction	Avg_recombination_fraction	Kosambi_male_interval	Kosambi_male_pos	Kosambi_female_interval	Kosambi_female_pos	Kosambi_both_interval	Kosambi_both_pos
5000000	0.05	0.05	0.05	0.05	0.1	0.1	0.1	0.1	0.05	0.1	0.05	0.1	0.05
10000000	0.05	0.1	0.05	0.1	0.1	0.1	0.1	0.1	0.1	0.1	0.1	0.1	0.1
15000000	0.05	0.15	0.05	0.15	0.1	0.1	0.1	0.1	0.15	0.1	0.15	0.1	0.15
20000000	0.05	0.2	0.05	0.2	0.1	0.1	0.1	0.1	0.2	0.1	0.2	0.1	0.2
25000000	0.05	0.25	0.05	0.25	0.1	0.1	0.1	0.1	0.25	0.1	0.25	0.1	0.25
30000000	0.05	0.3	0.05	0.3	0.1	0.1	0.1	0.1	0.3	0.1	0.3	0.1	0.3
35000000	0.05	0.35	0.05	0.35	0.1	0.1	0.1	0.1	0.35	0.1	0.35	0.1	0.35
40000000	0.05	0.4	0.05	0.4	0.1	0.1	0.1	0.1	0.4	0.1	0.4	0.1	0.4
45000000	0.05	0.45	0.05	0.45	0.1	0.1	0.1	0.1	0.45	0.1	0.45	0.1	0.45
50000000	0.05	0.5	0.05	0.5	0.1	0.1	0.1	0.1	0.5	0.1	0.5	0.1	0.5
55000000	0.05	0.55	0.05	0.55	0.1	0.1	0.1	0.1	0.55	0.1	0.55	0.1	0.55
60000000	0.05	0.6	0.05	0.6	0.1	0.1	0.1	0.1	0.6	0.1	0.6	0.1	0.6
65000000	0.05	0.65	0.05	0.65	0.1	0.1	0.1	0.1	0.65	0.1	0.65	0.1	0.65
70000000	0.05	0.7	0.05	0.7	0.1	0.1	0.1	0.1	0.7	0.1	0.7	0.1	0.7
75000000	0.05	0.75	0.05	0.75	0.1	0.1	0.1	0.1	0.75	0.1	0.75	0.1	0.75
80000000	0.05	0.8	0.05	0.8	0.1	0.1	0.1	0.1	0.8	0.1	0.8	0.1	0.8
85000000	0.05	0.85	0.05	0.85	0.1	0.1	0.1	0.1	0.85	0.1	0.85	0.1	0.85
90000000	0.05	0.9	0.05	0.9	0.1	0.1	0.1	0.1	0.9	0.1	0.9	0.1	0.9
95000000	0.05	0.95	0.05	0.95	0.1	0.1	0.1	0.1	0.95	0.1	0.95	0.1	0.95
100000000	0.05	1	0.05	1	0.1	0.1	0.1	0.1	1	0.1	1	0.1	1
:chr 8
:ExpectedMaleRecPerMeiosisArm1 = 2
:ExpectedMaleRecPerMeiosisArm2 = 0
:ExpectedFemaleRecPerMeiosisArm1 = 2
:ExpectedFemaleRecPerMeiosisArm2 = 0
	male	male_accumulative	female	female_accumulative	Male_recombination_fraction	Female_recombination_fraction	Avg_recombination_fraction	Kosambi_male_interval	Kosambi_male_pos	Kosambi_female_interval	Kosambi_female_pos	Kosambi_both_interval	Kosambi_both_pos
5000000	0.05	0.05	0.05	0.05	0.1	0.1	0.1	0.1	0.05	0.1	0.05	0.1	0.05
10000000	0.05	0.1	0.05	0.1	0.1	0.1	0.1	0.1	0.1	0.1	0.1	0.1	0.1
15000000	0.05	0.15	0.05	0.15	0.1	0.1	0.1	0.1	0.15	0.1	0.15	0.1	0.15
20000000	0.05	0.2	0.05	0.2	0.1	0.1	0.1	0.1	0.2	0.1	0.2	0.1	0.2
25000000	0.05	0.25	0.05	0.25	0.1	0.1	0.1	0.1	0.25	0.1	0.25	0.1	0.25
30000000	0.05	0.3	0.05	0.3	0.1	0.1	0.1	0.1	0.3	0.1	0.3	0.1	0.3
35000000	0.05	0.35	0.05	0.35	0.1	0.1	0.1	0.1	0.35	0.1	0.35	0.1	0.35
40000000	0.05	0.4	0.05	0.4	0.1	0.1	0.1	0.1	0.4	0.1	0.4	0.1	0.4
45000000	0.05	0.45	0.05	0.45	0.1	0.1	0.1	0.1	0.45	0.1	0.45	0.1	0.45
50000000	0.05	0.5	0.05	0.5	0.1	0.1	0.1	0.1	0.5	0.1	0.5	0.1	0.5
55000000	0.05	0.55	0.05	0.55	0.1	0.1	0.1	0.1	0.55	0.1	0.55	0.1	0.55
60000000	0.05	0.6	0.05	0.6	0.1	0.1	0.1	0.1	0.6	0.1	0.6	0.1	0.6
65000000	0.05	0.65	0.05	0.65	0.1	0.1	0.1	0.1	0.65	0.1	0.65	0.1	0.65
70000000	0.05	0.7	0.05	0.7	0.1	0.1	0.1	0.1	0.7	0.1	0.7	0.1	0.7
75000000	0.05	0.75	0.05	0.75	0.1	0.1	0.1	0.1	0.75	0.1	0.75	0.1	0.75
80000000	0.05	0.8	0.05	0.8	0.1	0.1	0.1	0.1	0.8	0.1	0.8	0.1	0.8
85000000	0.05	0.85	0.05	0.85	0.1	0.1	0.1	0.1	0.85	0.1	0.85	0.1	0.85
90000000	0.05	0.9	0.05	0.9	0.1	0.1	0.1	0.1	0.9	0.1	0.9	0.1	0.9
95000000	0.05	0.95	0.05	0.95	0.1	0.1	0.1	0.1	0.95	0.1	0.95	0.1	0.95
100000000	0.05	1	0.05	1	0.1	0.1	0.1	0.1	1	0.1	1	0.1	1
:chr 9
:ExpectedMaleRecPerMeiosisArm1 = 2
:ExpectedMaleRecPerMeiosisArm2 = 0
:ExpectedFemaleRecPerMeiosisArm1 = 2
:ExpectedFemaleRecPerMeiosisArm2 = 0
	male	male_accumulative	female	female_accumulative	Male_recombination_fraction	Female_recombination_fraction	Avg_recombination_fraction	Kosambi_male_interval	Kosambi_male_pos	Kosambi_female_interval	Kosambi_female_pos	Kosambi_both_interval	Kosambi_both_pos
5000000	0.05	0.05	0.05	0.05	0.1	0.1	0.1	0.1	0.05	0.1	0.05	0.1	0.05
10000000	0.05	0.1	0.05	0.1	0.1	0.1	0.1	0.1	0.1	0.1	0.1	0.1	0.1
15000000	0.05	0.15	0.05	0.15	0.1	0.1	0.1	0.1	0.15	0.1	0.15	0.1	0.15
20000000	0.05	0.2	0.05	0.2	0.1	0.1	0.1	0.1	0.2	0.1	0.2	0.1	0.2
25000000	0.05	0.25	0.05	0.25	0.1	0.1	0.1	0.1	0.25	0.1	0.25	0.1	0.25
30000000	0.05	0.3	0.05	0.3	0.1	0.1	0.1	0.1	0.3	0.1	0.3	0.1	0.3
35000000	0.05	0.35	0.05	0.35	0.1	0.1	0.1	0.1	0.35	0.1	0.35	0.1	0.35
40000000	0.05	0.4	0.05	0.4	0.1	0.1	0.1	0.1	0.4	0.1	0.4	0.1	0.4
45000000	0.05	0.45	0.05	0.45	0.1	0.1	0.1	0.1	0.45	0.1	0.45	0.1	0.45
50000000	0.05	0.5	0.05	0.5	0.1	0.1	0.1	0.1	0.5	0.1	0.5	0.1	0.5
55000000	0.05	0.55	0.05	0.55	0.1	0.1	0.1	0.1	0.55	0.1	0.55	0.1	0.55
60000000	0.05	0.6	0.05	0.6	0.1	0.1	0.1	0.1	0.6	0.1	0.6	0.1	0.6
65000000	0.05	0.65	0.05	0.65	0.1	0.1	0.1	0.1	0.65	0.1	0.65	0.1	0.65
70000000	0.05	0.7	0.05	0.7	0.1	0.1	0.1	0.1	0.7	0.1	0.7	0.1	0.7
75000000	0.05	0.75	0.05	0.75	0.1	0.1	0.1	0.1	0.75	0.1	0.75	0.1	0.75
80000000	0.05	0.8	0.05	0.8	0.1	0.1	0.1	0.1	0.8	0.1	0.8	0.1	0.8
85000000	0.05	0.85	0.05	0.85	0.1	0.1	0.1	0.1	0.85	0.1	0.85	0.1	0.85
90000000	0.05	0.9	0.05	0.9	0.1	0.1	0.1	0.1	0.9	0.1	0.9	0.1	0.9
95000000	0.05	0.95	0.05	0.95	0.1	0.1	0.1	0.1	0.95	0.1	0.95	0.1	0.95
100000000	0.05	1	0.05	1	0.1	0.1	0.1	0.1	1	0.1	1	0.1	1
:chr 10
:ExpectedMaleRecPerMeiosisArm1 = 2
:ExpectedMaleRecPerMeiosisArm2 = 0
:ExpectedFemaleRecPerMeiosisArm1 = 2
:ExpectedFemaleRecPerMeiosisArm2 = 0
	male	male_accumulative	female	female_accumulative	Male_recombination_fraction	Female_recombination_fraction	Avg_recombination_fraction	Kosambi_male_interval	Kosambi_male_pos	Kosambi_female_interval	Kosambi_female_pos	Kosambi_both_interval	Kosambi_both_pos
5000000	0.05	0.05	0.05	0.05	0.1	0.1	0.1	0.1	0.05	0.1	0.05	0.1	0.05
10000000	0.05	0.1	0.05	0.1	0.1	0.1	0.1	0.1	0.1	0.1	0.1	0.1	0.1
15000000	0.05	0.15	0.05	0.15	0.1	0.1	0.1	0.1	0.15	0.1	0.15	0.1	0.15
20000000	0.05	0.2	0.05	0.2	0.1	0.1	0.1	0.1	0.2	0.1	0.2	0.1	0.2
25000000	0.05	0.25	0.05	0.25	0.1	0.1	0.1	0.1	0.25	0.1	0.25	0.1	0.25
30000000	0.05	0.3	0.05	0.3	0.1	0.1	0.1	0.1	0.3	0.1	0.3	0.1	0.3
35000000	0.05	0.35	0.05	0.35	0.1	0.1	0.1	0.1	0.35	0.1	0.35	0.1	0.35
40000000	0.05	0.4	0.05	0.4	0.1	0.1	0.1	0.1	0.4	0.1	0.4	0.1	0.4
45000000	0.05	0.45	0.05	0.45	0.1	0.1	0.1	0.1	0.45	0.1	0.45	0.1	0.45
50000000	0.05	0.5	0.05	0.5	0.1	0.1	0.1	0.1	0.5	0.1	0.5	0.1	0.5
55000000	0.05	0.55	0.05	0.55	0.1	0.1	0.1	0.1	0.55	0.1	0.55	0.1	0.55
60000000	0.05	0.6	0.05	0.6	0.1	0.1	0.1	0.1	0.6	0.1	0.6	0.1	0.6
65000000	0.05	0.65	0.05	0.65	0.1	0.1	0.1	0.1	0.65	0.1	0.65	0.1	0.65
70000000	0.05	0.7	0.05	0.7	0.1	0.1	0.1	0.1	0.7	0.1	0.7	0.1	0.7
75000000	0.05	0.75	0.05	0.75	0.1	0.1	0.1	0.1	0.75	0.1	0.75	0.1	0.75
80000000	0.05	0.8	0.05	0.8	0.1	0.1	0.1	0.1	0.8	0.1	0.8	0.1	0.8
85000000	0.05	0.85	0.05	0.85	0.1	0.1	0.1	0.1	0.85	0.1	0.85	0.1	0.85
90000000	0.05	0.9	0.05	0.9	0.1	0.1	0.1	0.1	0.9	0.1	0.9	0.1	0.9
95000000	0.05	0.95	0.05	0.95	0.1	0.1	0.1	0.1	0.95	0.1	0.95	0.1	0.95
100000000	0.05	1	0.05	1	0.1	0.1	0.1	0.1	1	0.1	1	0.1	1
:chr 11
:ExpectedMaleRecPerMeiosisArm1 = 2
:ExpectedMaleRecPerMeiosisArm2 = 0
:ExpectedFemaleRecPerMeiosisArm1 = 2
:ExpectedFemaleRecPerMeiosisArm2 = 0
	male	male_accumulative	female	female_accumulative	Male_recombination_fraction	Female_recombination_fraction	Avg_recombination_fraction	Kosambi_male_interval	Kosambi_male_pos	Kosambi_female_interval	Kosambi_female_pos	Kosambi_both_interval	Kosambi_both_pos
5000000	0.05	0.05	0.05	0.05	0.1	0.1	0.1	0.1	0.05	0.1	0.05	0.1	0.05
10000000	0.05	0.1	0.05	0.1	0.1	0.1	0.1	0.1	0.1	0.1	0.1	0.1	0.1
15000000	0.05	0.15	0.05	0.15	0.1	0.1	0.1	0.1	0.15	0.1	0.15	0.1	0.15
20000000	0.05	0.2	0.05	0.2	0.1	0.1	0.1	0.1	0.2	0.1	0.2	0.1	0.2
25000000	0.05	0.25	0.05	0.25	0.1	0.1	0.1	0.1	0.25	0.1	0.25	0.1	0.25
30000000	0.05	0.3	0.05	0.3	0.1	0.1	0.1	0.1	0.3	0.1	0.3	0.1	0.3
35000000	0.05	0.35	0.05	0.35	0.1	0.1	0.1	0.1	0.35	0.1	0.35	0.1	0.35
40000000	0.05	0.4	0.05	0.4	0.1	0.1	0.1	0.1	0.4	0.1	0.4	0.1	0.4
45000000	0.05	0.45	0.05	0.45	0.1	0.1	0.1	0.1	0.45	0.1	0.45	0.1	0.45
50000000	0.05	0.5	0.05	0.5	0.1	0.1	0.1	0.1	0.5	0.1	0.5	0.1	0.5
55000000	0.05	0.55	0.05	0.55	0.1	0.1	0.1	0.1	0.55	0.1	0.55	0.1	0.55
60000000	0.05	0.6	0.05	0.6	0.1	0.1	0.1	0.1	0.6	0.1	0.6	0.1	0.6
65000000	0.05	0.65	0.05	0.65	0.1	0.1	0.1	0.1	0.65	0.1	0.65	0.1	0.65
70000000	0.05	0.7	0.05	0.7	0.1	0.1	0.1	0.1	0.7	0.1	0.7	0.1	0.7
75000000	0.05	0.75	0.05	0.75	0.1	0.1	0.1	0.1	0.75	0.1	0.75	0.1	0.75
80000000	0.05	0.8	0.05	0.8	0.1	0.1	0.1	0.1	0.8	0.1	0.8	0.1	0.8
85000000	0.05	0.85	0.05	0.85	0.1	0.1	0.1	0.1	0.85	0.1	0.85	0.1	0.85
90000000	0.05	0.9	0.05	0.9	0.1	0.1	0.1	0.1	0.9	0.1	0.9	0.1	0.9
95000000	0.05	0.95	0.05	0.95	0.1	0.1	0.1	0.1	0.95	0.1	0.95	0.1	0.95
100000000	0.05	1	0.05	1	0.1	0.1	0.1	0.1	1	0.1	1	0.1	1
